Hypogastruidae	Sminthuridae	Entomobryidae	Isotomidae	Bdelidae	Phthiracaridae	Oppiidae	Phytoseiidae	Oribatellidae	Oribatulidae	Liacaridae	Hemileiidae	Ceratozetidae	Cepheidae	Parakalummidae	Achipteriidae	Carbodidade	Cymbaeremaeidae	Damaeidae	Neoliodidae	Ctenacaridae	Ascidae	Pyroglyphidae	Tetranychidae	Tydeidae	Acaridae	Ologamastidae	Cunaxidae	Erythraeidae	Thripidae	Psocidae	Phoridae	Chironomidae	Sciaridae	Aphididae	Liposcellidae	Psocidae	Miridae	Staphylinidae	Nitidulidae	Mymaridae	Anthocoridae	Dictynidae	Araneidae	Corinnidae
9	0	0	1	1	0	2	0	0	0	0	3	0	3	2	2	1	1	0	0	0	0	0	0	0	20	0	0	0	13	0	1	0	0	0	0	0	0	0	0	0	0	0	0	1
0	0	0	4	0	0	1	0	0	1	0	0	0	0	2	0	0	1	0	0	0	0	0	0	0	0	1	0	0	2	0	0	0	0	0	0	0	0	0	0	0	0	0	0	0
22	0	0	4	1	0	11	1	0	2	0	3	0	0	5	0	0	0	0	2	0	1	0	1	0	5	3	0	0	19	1	0	0	0	0	0	0	0	0	0	0	0	0	0	0
9	1	0	5	0	0	12	0	0	1	0	1	0	0	3	0	0	2	0	0	0	0	0	0	0	0	4	0	0	0	0	0	0	0	0	0	0	0	0	0	0	0	0	0	0
5	2	0	0	2	0	4	0	1	0	0	0	0	0	1	0	0	0	0	0	1	3	0	0	0	6	0	0	0	4	0	0	0	0	0	0	0	0	0	0	0	0	0	0	0
11	2	1	9	4	0	0	1	1	0	0	0	0	0	1	0	0	0	0	0	0	2	2	0	0	7	3	1	0	1	0	0	0	0	0	0	0	0	0	0	0	0	0	0	0
13	0	1	0	1	0	2	0	0	3	0	0	0	0	1	0	0	0	0	0	0	1	0	0	0	1	0	0	0	4	0	0	0	0	1	0	0	0	0	0	0	0	0	0	0
11	0	0	15	0	0	0	0	0	0	0	0	0	0	0	0	0	0	0	0	0	0	0	0	0	25	0	0	0	0	0	0	0	0	0	0	0	0	0	0	0	0	0	0	0
5	0	0	9	1	0	4	0	1	0	0	0	0	0	1	0	0	0	0	0	1	0	0	0	1	0	0	0	0	1	0	0	0	0	0	0	0	0	0	0	0	0	0	0	0
2	2	0	0	0	0	4	0	1	0	0	0	0	0	0	0	3	3	0	6	0	1	0	0	0	3	0	0	0	3	0	0	0	0	0	0	0	0	0	0	0	0	0	0	0
5	0	1	0	0	1	3	0	0	1	0	0	0	0	8	0	2	0	0	0	0	2	0	0	0	1	0	0	0	0	0	0	0	0	0	0	0	0	0	0	0	0	0	0	0
11	0	1	0	0	0	2	0	0	4	0	0	0	0	0	0	4	0	0	0	0	0	0	0	0	0	0	0	0	1	0	0	0	0	0	0	0	1	0	0	0	0	0	0	0
1	0	0	0	0	0	0	0	0	0	0	0	0	0	1	0	0	0	0	0	0	0	0	0	0	2	0	0	0	0	0	0	0	0	0	0	0	0	0	0	0	0	0	0	0
4	0	0	0	1	0	0	0	0	13	1	0	0	0	0	0	1	0	0	0	0	2	0	0	0	1	0	0	0	0	0	0	0	0	0	0	0	0	0	0	0	0	0	0	0
6	0	0	0	0	0	0	0	0	1	0	1	0	1	0	0	2	0	0	0	0	0	0	0	0	0	0	0	0	0	0	0	0	0	7	2	0	0	0	0	0	0	0	0	0
3	0	0	0	0	0	0	0	2	0	0	0	0	0	0	0	0	1	0	0	0	0	0	1	0	1	0	0	0	0	0	0	0	0	0	0	0	0	0	0	0	0	0	0	0
15	0	1	0	0	0	0	0	0	0	0	1	0	0	0	0	1	0	0	0	0	0	0	0	0	1	0	0	0	0	0	0	0	0	0	2	0	0	0	0	0	0	0	0	0
6	0	0	0	0	0	0	0	0	3	0	0	0	0	0	0	0	0	0	0	0	0	0	0	0	3	0	0	0	0	0	0	0	0	0	0	0	0	0	0	0	0	0	0	0
4	0	0	0	0	0	0	0	6	0	0	0	0	0	0	0	0	0	0	0	0	0	0	0	0	3	1	0	0	0	0	0	0	0	0	0	0	0	0	0	0	0	0	0	0
1	0	0	0	0	0	0	0	0	0	0	0	0	1	0	0	0	0	0	0	0	0	0	0	0	11	0	0	0	3	0	0	0	0	0	0	0	0	0	0	0	0	0	0	0
0	0	0	0	1	0	2	0	0	9	0	0	0	0	1	0	0	0	0	0	0	0	0	0	0	33	0	0	0	1	1	0	0	0	0	0	0	0	0	0	0	0	0	0	0
0	0	1	0	0	0	2	0	1	4	0	1	0	0	2	0	0	0	0	0	0	0	0	0	0	0	0	0	0	1	0	0	0	0	0	0	0	0	0	0	0	0	0	1	0
0	0	0	0	0	0	0	0	0	12	0	4	0	0	5	0	0	0	0	0	0	1	0	1	0	45	0	0	1	0	0	0	0	0	0	0	0	0	0	0	0	0	0	1	1
3	0	0	0	0	0	1	0	0	3	0	0	0	0	0	0	0	0	0	0	0	0	0	0	0	3	0	0	0	0	0	0	0	0	0	0	0	0	0	0	0	0	0	0	0
4	0	0	0	3	0	0	0	0	9	0	0	0	0	0	0	0	0	0	0	1	0	3	0	0	37	0	0	0	0	0	0	0	0	0	0	0	0	0	0	0	0	0	0	0
2	0	0	0	0	0	0	0	0	1	0	1	0	0	1	0	0	0	0	0	1	0	3	0	0	0	0	0	0	0	0	0	0	0	0	0	0	0	0	0	1	0	0	0	0
0	0	0	0	0	0	0	0	0	15	0	0	0	0	1	0	0	0	0	0	0	1	0	0	0	37	0	0	0	0	0	0	0	0	0	0	0	0	0	0	0	0	0	0	0
0	0	0	0	0	0	0	0	0	0	0	0	0	0	0	0	0	0	0	0	0	0	0	0	0	76	0	0	0	0	0	0	0	0	0	0	0	0	0	0	0	0	0	0	0
2	0	0	0	0	0	1	0	0	0	0	0	0	0	0	0	0	0	0	0	0	0	1	0	0	1	0	0	0	0	0	0	0	0	0	0	0	0	0	0	0	0	0	0	0
0	0	1	0	0	0	4	0	0	1	0	0	0	0	0	0	2	0	0	0	0	0	0	0	0	2	0	0	0	0	0	0	0	0	0	0	0	0	0	1	0	0	0	0	0
0	0	0	0	1	0	0	0	0	0	0	1	0	0	2	0	0	0	0	0	0	0	0	0	0	0	0	0	0	0	0	0	0	0	1	0	0	1	0	0	0	0	0	0	0
0	0	0	0	0	0	0	0	0	2	3	0	0	0	0	0	3	0	0	0	0	0	0	0	0	5	0	0	0	0	0	0	0	0	0	0	0	0	0	0	0	0	1	0	0
0	0	0	0	0	0	0	1	0	4	0	0	0	0	2	0	2	0	0	0	0	0	0	0	0	5	0	0	0	0	0	1	0	0	0	0	0	0	0	0	0	0	0	0	0
0	0	0	0	1	0	3	0	0	4	0	1	0	0	0	0	11	0	0	0	0	1	0	1	0	10	0	0	0	0	0	0	0	0	0	0	0	0	0	0	2	1	0	0	1
1	0	0	0	0	0	1	0	0	7	1	0	0	0	1	0	2	0	0	0	0	0	0	0	0	4	0	0	0	0	0	0	0	0	0	0	0	0	0	0	0	0	0	0	0
0	0	0	0	0	0	0	0	0	2	0	0	0	0	0	0	0	0	0	0	0	0	0	0	0	9	0	0	0	0	0	0	0	1	0	0	0	0	0	0	0	0	0	0	0
0	0	0	0	0	0	0	0	0	6	0	3	0	0	0	0	0	0	0	1	0	0	0	0	0	7	0	0	0	0	0	0	0	0	0	0	0	0	0	0	0	0	0	0	0
8	0	0	0	0	0	0	1	1	10	1	1	1	0	2	0	2	0	0	0	0	0	0	0	0	5	0	0	0	0	0	0	0	0	0	0	0	0	0	0	0	0	0	0	0
0	0	0	0	0	0	1	0	0	15	2	0	0	1	0	0	4	0	0	5	0	0	0	0	0	21	1	0	1	0	0	0	0	0	0	0	0	0	0	0	0	0	0	0	0
0	0	0	0	0	0	1	0	0	0	0	0	0	0	0	0	0	0	0	0	0	0	0	0	0	1	0	0	0	0	0	0	0	0	0	0	0	0	0	0	0	0	0	0	0
0	0	1	0	0	0	0	0	0	19	0	0	0	0	0	0	0	0	0	0	0	0	0	0	0	0	0	0	0	0	0	0	0	0	0	0	0	0	0	0	0	0	0	0	0
